0001 014a 00000001
0003 0039 000067e7
0003 0035 00000289
0003 0036 000001b4
0001 0145 00000001
0000 0000 00000000
0003 0039 ffffffff
0001 014a 00000000
0001 0145 00000000
0000 0000 00000000
0001 014a 00000001
0003 0039 000067e8
0003 0035 000001ec
0003 0036 000000f4
0001 0145 00000001
0000 0000 00000000
0003 0039 ffffffff
0001 014a 00000000
0001 0145 00000000
0000 0000 00000000
0001 014a 00000001
0003 0039 000067e9
0003 0035 00000196
0003 0036 00000124
0001 0145 00000001
0000 0000 00000000
0003 0039 ffffffff
0001 014a 00000000
0001 0145 00000000
0000 0000 00000000
0001 014a 00000001
0003 0039 000067ea
0003 0035 000000b3
0003 0036 0000063b
0001 0145 00000001
0000 0000 00000000
0003 0035 000000b1
0000 0000 00000000
0003 0035 000000af
0000 0000 00000000
0003 0035 000000ac
0003 0036 0000063c
0000 0000 00000000
0003 0035 000000a9
0000 0000 00000000
0003 0035 000000a6
0003 0036 0000063d
0000 0000 00000000
0003 0035 000000a4
0003 0036 0000063e
0000 0000 00000000
0003 0039 ffffffff
0001 014a 00000000
0001 0145 00000000
0000 0000 00000000
0001 014a 00000001
0003 0039 000067eb
0003 0035 0000021d
0003 0036 000001a1
0001 0145 00000001
0000 0000 00000000
0003 0039 ffffffff
0001 014a 00000000
0001 0145 00000000
0000 0000 00000000
0001 014a 00000001
0003 0039 000067ec
0003 0035 000000b4
0003 0036 00000634
0001 0145 00000001
0000 0000 00000000
0003 0039 ffffffff
0001 014a 00000000
0001 0145 00000000
0000 0000 00000000
0001 014a 00000001
0003 0039 000067ed
0003 0035 00000182
0003 0036 0000062a
0001 0145 00000001
0000 0000 00000000
0003 0035 00000181
0000 0000 00000000
0003 0036 0000062c
0000 0000 00000000
0003 0035 00000180
0003 0036 0000062e
0000 0000 00000000
0003 0036 0000062f
0000 0000 00000000
0003 0039 ffffffff
0001 014a 00000000
0001 0145 00000000
0000 0000 00000000
